81.47 6.04
58.5 62.68
37.19 70.22
78.93 72.15
4.26 67.24
52.56 72.08
36.46 3.93
22.17 68.29
99.19 52.81
35.31 96.59
3.69 4.74
62.77 22.74
88.63 65.68
96.58 34.36
33.34 61.45
48.54 2.3
99.9 45.64
74.92 87.34
72.3 80.43
83.5 67.71
40.55 94.84
19.5 33.64
84.18 33.73
48.3 16.73
46.97 18.36
49.59 71.96
14.62 23.81
84.03 99.34
85.34 14.19
46.73 23.47
46.14 57.28
48.59 32.64
37.6 2.27
25.78 99.43
14.71 54.69
35.1 96.77
66.1 87.3
38.56 70.78
91.73 18.04
19.12 20.57
64.32 33.08
94.82 46.12
20.97 35.32
98.2 52.24
6.29 15.76
83.77 42.69
32.02 69.16
77.25 12.33
28.91 70.71
94.47 59.02
58.56 39.77
95.33 75.28
98.03 3.37
91.59 87.27
94.91 73.08
65.88 64.35
58.81 93.96
23.32 95.63
42.29 46.61
34.25 62.08
72.67 37.7
56.66 42.53
67.36 90.48
20.36 29.57
7.76 48.88
9.85 98.39
50.6 99.19
95.65 84.19
49.42 81.62
64.52 95.35
60.87 50.74
69.23 2.62
25.04 68.28
35.71 91.24
55.43 96.22
82.0 36.13
32.37 62.82
77.27 9.49
93.94 44.36
85.73 20.53
35.83 72.38
80.82 65.24
9.75 1.72
86.23 80.41
50.83 27.62
20.86 34.68
78.47 54.67
1.05 15.17
85.18 31.38
96.47 76.86
28.79 18.2
47.19 36.16
42.63 2.25
5.52 7.04
85.43 57.39
77.66 31.42
90.55 78.8
81.36 31.98
53.67 45.01
72.71 85.03
62.52 97.95
4.64 78.64
49.48 8.54
88.43 94.99
40.69 41.92
32.71 0.79
31.8 1.74
86.57 57.45
93.8 88.18
43.17 53.3
12.46 56.64
85.01 8.48
54.69 46.06
31.07 16.04
55.51 31.39
85.47 41.99
87.36 87.64
15.69 72.09
78.03 50.11
91.95 18.97
16.48 28.88
65.09 24.81
13.9 38.41
56.15 83.46
56.26 56.66
99.51 68.51
97.36 15.51
14.32 45.07
69.77 10.13
88.86 47.31
19.97 0.38
67.95 41.61
69.31 7.54
61.8 36.42
37.0 15.96
71.52 6.87
37.3 38.0
63.89 14.62
56.19 0.01
99.92 71.75
55.64 6.15
49.48 94.75
62.89 18.25
63.72 59.32
88.87 62.2
37.73 12.94
79.13 33.73
98.01 48.58
66.06 39.2
51.2 95.73
67.51 17.15
39.85 21.92
28.94 21.54
25.45 61.99
67.43 55.58
47.74 3.42
55.37 42.56
79.47 89.67
97.16 31.16
82.46 72.38
58.53 30.43
72.19 46.28
92.22 28.98
20.9 99.44
73.17 88.37
92.75 64.8
71.43 37.63
91.27 83.77
96.55 91.18
69.82 54.39
37.22 74.91
42.56 20.23
11.37 49.38
40.73 86.64
26.61 88.59
39.61 87.44
54.46 60.46
51.0 25.36
4.39 54.55
47.42 35.51
95.33 32.03
74.73 84.65
39.91 92.53
88.98 57.4
74.14 15.69
42.37 95.35
52.31 77.5
64.9 69.49
67.03 86.95
57.86 35.49
44.42 1.7
58.93 76.25
65.28 54.48
48.81 30.25
58.33 71.41
17.71 71.57
96.12 55.24
75.18 86.74
12.06 29.99
47.34 99.06
5.02 76.67
25.78 30.1
99.35 58.58
2.64 97.8
55.14 7.89
91.26 37.54
83.61 14.47
23.68 48.69
89.42 20.34
50.88 98.24
87.27 68.34
2.11 40.42
26.84 60.02
64.11 22.0
68.91 68.78
94.4 41.23
30.13 21.08
17.82 8.26
32.74 50.89
89.2 76.47
95.38 51.44
6.38 7.65
54.34 84.12
27.33 77.56
58.01 53.11
52.41 21.69
38.5 86.9
1.17 2.44
27.8 1.0
95.38 64.07
44.41 86.72
46.9 76.92
6.81 72.93
81.94 66.17
77.97 97.75
40.93 76.71
45.1 31.52
33.43 63.7
60.76 65.62
64.44 99.25
96.02 4.12
41.6 64.73
4.46 80.79
86.7 62.3
98.55 90.76
63.08 38.06
94.7 34.23
98.09 56.34
94.49 61.85
54.47 46.26
73.7 15.25
8.21 42.59
11.86 2.24
61.95 15.05
1.38 98.07
33.39 43.84
67.41 89.96
60.9 77.57
84.03 64.73
1.86 43.3
82.43 74.47
44.45 87.96
33.1 37.48
83.28 35.14
73.3 87.2
94.32 45.17
98.1 31.92
65.92 39.94
33.81 39.97
46.8 79.77
80.17 57.42
43.09 84.09
44.63 60.3
39.93 84.4
49.28 65.23
40.06 91.39
19.19 22.0
95.5 15.18
46.57 20.01
47.91 65.17
81.0 51.56
29.75 3.49
1.78 16.71
26.85 48.69
21.34 31.22
23.27 83.81
40.59 34.76
85.85 75.11
41.29 1.52
42.14 97.71
40.37 3.36
85.96 61.37
0.48 13.04
34.5 16.09
98.75 10.82
46.01 89.35
10.94 50.62
33.14 7.54
62.97 34.28
18.56 44.08
77.01 12.56
85.76 64.06
29.11 48.29
48.7 18.75
84.96 16.04
47.28 54.38
48.96 19.54
45.41 39.01
2.6 81.46
4.43 42.96
33.19 84.54
60.13 41.87
33.63 85.49
92.49 54.23
95.9 91.71
36.08 43.34
51.77 0.64
8.62 80.87
19.76 79.63
58.32 88.91
94.83 69.89
24.29 86.26
20.9 19.0
68.84 10.24
16.81 60.23
76.84 3.54
20.84 53.91
35.45 41.03
3.25 59.58
80.57 11.47
57.55 73.28
73.64 10.73
0.53 30.64
6.5 39.03
26.06 7.81
34.99 40.37
51.33 50.8
33.87 49.73
3.74 72.07
61.97 23.67
95.15 61.03
42.13 93.33
51.86 14.25
91.88 91.84
31.08 87.1
22.51 8.8
55.76 83.89
67.9 81.56
57.59 98.27
7.57 17.08
88.35 20.57
31.59 91.44
41.08 49.44
12.73 28.0
18.04 24.6
88.07 95.0
30.0 24.34
93.57 29.22
66.96 86.87
46.83 44.87
79.8 18.61
29.21 7.97
40.51 48.54
58.4 8.06
92.9 82.55
99.76 70.11
0.2 45.25
71.97 26.15
63.72 77.95
12.06 70.4
97.41 46.07
97.53 25.98
67.12 53.54
31.01 57.99
20.58 13.22
91.19 70.5
4.4 54.41
50.68 39.3
22.57 97.21
69.05 9.15
22.61 7.47
45.25 43.19
76.26 48.07
67.23 78.65
61.9 5.91
50.33 26.48
53.33 37.79
83.95 47.81
98.19 27.46
58.02 34.29
22.97 75.39
16.11 64.73
6.89 66.21
30.07 85.44
17.25 24.28
45.17 70.07
3.43 3.46
93.33 31.57
75.04 35.73
40.88 1.67
54.91 86.18
43.55 60.38
39.05 97.45
96.98 69.36
58.06 86.35
47.07 90.36
9.0 94.4
31.2 78.88
77.2 73.48
85.8 60.32
17.48 78.1
57.49 33.79
42.7 26.66
98.74 84.58
99.15 32.15
65.99 97.1
41.69 43.37
12.96 42.63
95.72 42.78
85.97 79.12
60.07 23.54
92.58 74.7
89.02 77.85
93.25 0.63
86.13 81.63
37.93 27.19
63.04 6.29
85.16 95.19
60.69 78.37
89.19 16.01
15.38 34.81
13.77 87.86
45.32 50.32
38.58 62.23
2.09 50.95
98.76 83.38
73.28 5.76
62.93 50.35
79.08 36.5
13.4 84.24
17.19 4.12
62.57 32.96
81.06 13.4
2.77 43.35
73.68 45.54
52.06 71.7
16.23 18.78
13.78 25.24
45.98 16.67
54.29 34.41
70.9 48.43
96.53 33.7
39.28 63.33
26.95 95.09
4.21 96.12
98.79 70.59
47.67 66.95
73.46 28.33
67.75 83.9
68.22 45.21
28.47 25.17
23.59 17.45
90.64 57.78
75.96 84.45
24.34 96.3
59.0 85.52
37.23 44.98
80.93 32.26
74.57 69.85
25.0 61.36
81.7 78.53
91.83 86.68
68.71 46.57
32.48 59.9
27.24 50.56
41.56 96.36
35.18 36.49
60.08 57.22
12.43 3.15
49.63 51.46
7.67 91.25
79.13 75.45
50.57 40.12
27.9 21.63
34.1 76.32
43.39 84.09
47.37 51.09
75.92 34.14
88.8 40.3
72.34 46.71
63.91 21.59
74.18 5.35
25.46 82.42
6.04 0.16
74.86 81.3
58.63 6.7
18.24 19.53
52.72 43.5
83.33 55.25
90.18 16.44
45.01 76.68
46.61 33.09
66.0 6.36
51.57 2.26
92.69 5.54
21.42 43.77
53.35 85.71
73.2 86.21
21.41 69.55
94.88 74.48
11.42 62.7
43.33 5.44
35.39 90.32
56.55 35.55
91.88 12.2
87.41 16.52
29.57 46.51
76.16 26.14
65.44 3.01
43.4 99.82
31.07 98.68
54.51 19.55
65.64 16.38
54.28 2.46
33.7 25.58
4.69 31.16
71.79 93.21
72.44 47.26
7.57 70.73
18.35 89.7
31.67 18.19
41.85 92.75
81.34 7.44
36.34 7.9
84.54 8.19
18.91 74.64
34.91 73.07
38.15 19.81
67.88 47.03
95.44 54.13
61.2 18.31
65.39 22.27
12.26 65.3
49.17 57.42
50.72 98.57
76.93 32.63
66.4 24.88
0.34 38.35
94.06 10.4
75.29 38.58
81.44 52.02
31.22 33.35
76.92 48.94
15.16 27.35
76.89 65.44
81.86 52.5
5.63 40.4
5.05 53.91
60.17 25.63
29.41 74.01
95.2 44.59
48.52 8.71
71.0 70.36
65.83 43.91
12.91 62.21
28.44 89.23
23.9 53.38
0.23 86.27
40.49 64.87
65.97 95.74
65.04 87.58
41.4 2.41
31.69 75.68
65.91 52.78
51.23 31.93
63.42 26.29
15.2 11.51
69.73 25.15
48.47 22.61
12.93 4.53
89.79 43.12
60.75 35.46
28.12 66.67
58.85 64.89
25.62 46.43
75.71 25.35
37.52 30.47
71.0 51.08
75.77 15.29
63.85 24.22
49.88 17.77
79.81 44.45
82.05 72.83
17.4 85.44
37.42 65.0
8.78 69.11
99.28 90.88
42.15 12.46
64.42 70.82
7.54 34.66
4.1 72.79
45.0 93.73
12.48 57.35
23.66 11.84
9.11 10.08
40.98 59.21
78.14 62.11
8.15 19.97
8.42 26.75
6.45 26.4
40.56 37.34
86.79 94.47
70.5 73.69
13.41 58.34
1.6 52.17
96.2 20.28
82.95 48.25
88.3 35.23
51.92 63.88
82.1 75.75
53.06 38.57
37.73 63.12
52.56 82.88
64.57 0.75
6.76 86.47
42.49 46.13
43.55 70.17
15.59 78.08
92.67 63.52
24.13 62.12
59.19 88.33
50.2 80.53
75.46 2.52
59.12 28.61
61.28 45.72
4.63 5.35
87.22 81.6
7.92 22.14
10.6 72.57
86.21 77.07
27.46 48.04
40.01 1.36
69.49 19.82
82.0 87.77
84.77 22.72
66.98 63.76
15.06 98.93
48.82 27.09
91.91 63.2
99.57 53.15
53.63 50.36
21.59 54.33
89.93 8.8
40.88 31.78
45.84 88.56
76.61 87.12
60.77 8.68
73.24 56.39
2.7 19.05
55.26 49.49
29.09 59.23
3.86 89.58
55.91 82.77
88.96 38.19
25.96 38.78
22.62 25.03
45.95 71.65
90.28 76.6
30.53 41.4
53.95 80.94
31.0 17.33
1.92 89.87
69.29 12.58
29.78 9.55
22.52 50.51
75.83 12.21
49.49 9.33
87.33 32.68
4.17 18.01
86.31 80.8
82.75 74.23
36.97 5.43
55.02 86.61
57.66 57.66
62.02 93.25
5.59 67.9
11.1 8.81
43.24 20.29
26.4 9.97
7.76 44.96
79.55 63.48
55.02 6.63
14.06 3.41
17.45 40.27
59.23 2.34
93.62 13.42
17.79 39.28
26.49 50.33
7.64 93.27
49.77 24.66
10.8 89.48
28.31 98.86
68.82 45.04
75.41 17.86
56.67 17.14
36.56 14.83
14.85 71.85
64.69 67.73
26.33 12.06
31.19 19.96
52.42 95.13
7.66 91.39
11.16 40.74
56.18 61.24
70.49 33.57
84.83 20.47
60.26 44.54
50.21 18.08
49.45 17.01
12.54 23.75
39.38 22.08
36.28 59.49
72.77 99.11
96.82 81.25
48.19 84.67
22.86 1.72
35.03 36.55
1.72 91.98
69.61 0.09
47.86 27.3
29.33 2.84
44.5 89.48
65.23 88.05
24.72 74.16
71.18 11.96
30.82 98.17
27.11 62.26
3.4 50.95
65.71 50.87
0.11 45.26
75.24 98.36
20.84 31.62
58.57 72.79
44.84 29.85
16.56 55.03
71.52 19.54
71.97 77.45
15.8 1.0
8.76 1.36
63.11 80.97
80.86 34.49
74.13 65.75
54.45 97.23
59.33 97.44
2.1 89.86
50.2 88.84
31.49 24.94
85.48 28.47
95.23 97.41
96.8 52.27
33.71 77.79
49.37 40.9
89.11 55.4
17.52 94.02
28.32 99.84
61.77 70.1
11.79 29.83
34.96 43.64
80.95 43.67
56.38 61.44
34.48 39.72
5.02 44.51
18.34 92.24
58.92 16.62
42.11 84.54
88.32 97.31
82.55 55.44
45.43 31.17
84.38 58.38
42.64 41.32
92.34 90.96
74.48 53.01
54.73 28.29
57.59 58.33
19.24 49.25
92.39 55.15
88.42 72.32
76.74 71.66
4.73 55.07
28.53 65.49
43.74 5.74
29.44 65.02
68.88 29.53
43.09 62.78
69.74 19.7
22.25 71.69
7.14 89.57
91.43 17.08
37.38 66.1
94.69 13.83
26.56 24.58
92.3 69.6
20.38 20.68
92.44 70.74
52.9 31.51
66.12 43.58
96.4 45.11
7.74 12.07
47.91 82.17
57.64 74.58
26.72 46.6
31.14 2.76
41.13 1.27
79.74 62.34
51.66 22.74
38.4 32.7
76.71 90.56
29.66 36.04
51.67 77.78
98.89 90.03
11.88 45.18
76.81 26.82
18.02 38.9
89.2 22.48
4.99 21.53
61.52 14.1
99.62 62.01
66.93 41.95
12.64 35.79
33.22 52.51
79.53 71.77
85.72 99.95
25.78 2.38
99.49 9.12
83.55 12.08
35.4 9.92
87.24 71.24
52.8 29.37
93.61 47.15
2.29 83.1
39.94 83.73
17.53 10.72
99.83 89.76
81.91 94.4
49.64 80.64
86.7 58.3
51.19 76.71
0.24 11.83
50.23 54.48
31.59 88.02
69.88 61.67
14.94 72.06
87.86 78.57
81.01 90.75
45.85 75.85
59.87 5.72
27.54 0.31
24.28 11.81
27.39 84.17
51.85 75.64
53.42 62.44
50.65 75.5
16.23 48.38
2.32 15.6
70.77 58.45
37.44 66.36
60.43 60.47
56.4 31.49
95.88 61.36
71.88 54.39
21.55 27.65
11.84 39.84
95.36 79.05
51.88 91.07
39.68 94.1
19.91 67.95
92.61 74.25
4.65 27.1
45.32 0.54
53.18 27.94
58.77 15.31
68.94 1.8
62.5 29.23
6.83 56.33
70.51 32.36
29.43 46.59
42.6 32.13
67.05 57.78
11.83 99.35
86.71 2.25
39.11 8.82
55.38 1.48
2.21 69.66
13.72 33.28
34.43 41.22
49.69 92.17
44.1 40.9
14.94 27.84
11.31 42.75
62.9 95.93
54.08 47.41
24.0 81.87
79.6 89.44
80.53 27.66
65.72 77.63
94.85 56.3
95.78 89.37
98.17 84.67
53.74 90.23
41.74 20.55
6.63 54.99
51.78 75.8
7.06 78.81
72.92 89.95
67.06 53.55
7.15 8.17
30.25 79.15
8.64 0.7
2.45 4.59
40.62 90.34
70.78 43.72
20.78 24.85
49.22 48.12
20.17 55.68
88.21 42.09
57.37 8.48
81.1 59.51
35.9 95.55
29.56 77.81
23.6 17.19
47.56 87.73
37.08 82.24
46.64 30.6
10.92 76.21
86.01 85.33
59.08 73.31
60.17 47.16
43.9 56.85
83.08 37.88
18.71 47.89
23.89 16.57
16.77 72.18
29.62 86.8
37.75 35.34
1.07 91.78
5.16 25.01
83.76 25.0
68.79 6.89
65.94 16.22
4.57 62.01
53.22 6.94
50.62 65.17
35.67 32.57
28.11 38.35
49.44 19.26
10.23 52.69
13.56 21.96
39.93 96.23
81.29 14.74
7.22 31.29
92.38 51.1
71.32 87.73
3.45 32.92
54.02 64.49
28.82 61.81
28.41 1.93
16.1 12.18
43.59 35.59
15.05 2.16
64.09 23.41
34.59 46.72
99.08 65.68
52.18 75.86
96.03 5.26
11.65 67.63
15.63 56.88
5.04 73.14
1.39 38.85
55.2 87.18
41.32 55.8
77.68 47.46
44.92 21.03
23.69 38.96
65.98 74.38
88.99 94.43
66.07 68.43
51.82 99.98
79.55 90.09
96.2 2.43
73.81 54.1
94.17 71.38
12.81 47.35
35.45 82.95
81.25 35.75
62.03 12.26
14.54 87.05
84.26 86.73
22.85 7.41
97.81 24.57
85.66 55.08
