45.05 14.63
47.86 26.31
85.4 73.14
26.43 84.44
96.63 84.2
44.25 98.23
7.8 85.05
7.48 71.56
6.27 8.66
39.41 46.74
53.05 33.16
3.72 1.28
98.34 63.39
93.73 3.99
68.05 16.03
70.19 9.75
52.12 37.8
98.85 89.24
1.1 96.64
85.06 49.83
49.11 82.18
35.42 46.4
95.42 16.35
59.27 87.44
95.62 42.02
3.83 73.33
23.59 55.61
99.14 88.7
43.15 51.52
45.64 95.04
68.22 72.8
47.09 36.56
70.83 65.7
49.79 1.85
60.89 29.08
54.29 83.67
13.55 45.64
9.96 34.3
7.27 46.86
94.86 99.11
49.09 83.05
15.16 97.92
75.82 74.8
28.06 96.21
52.1 51.23
33.47 14.63
56.01 26.12
76.08 43.0
94.09 63.56
57.99 75.52
59.64 91.79
90.57 77.58
41.03 37.36
25.31 13.16
76.38 90.85
59.58 2.29
26.22 98.57
96.58 95.86
87.71 33.58
23.84 84.18
27.28 9.42
40.33 22.12
17.82 14.75
20.79 10.81
72.03 10.85
66.71 67.08
74.82 9.18
56.13 0.21
16.12 62.16
36.5 64.39
44.96 55.84
46.38 51.05
80.54 37.29
71.88 3.05
37.59 55.54
38.87 72.1
81.75 46.46
95.08 43.33
82.13 47.79
79.85 85.73
24.12 45.3
21.0 83.27
50.52 81.7
24.04 6.88
60.74 31.6
4.19 44.75
35.09 27.93
6.86 84.22
40.98 89.86
41.06 24.16
56.2 35.12
40.18 57.54
40.34 2.31
71.08 37.69
40.58 95.68
39.03 48.56
88.61 6.7
89.1 76.71
93.5 8.52
50.16 38.99
